function [x_plus]=updateSystem(x,u)
    A=[0.86719   ,6.6936*10^(-5)     ,-0.19095  ,0; ...
        -0.027773, 0.99895           , 0.89264, -1.9609; ...
        0.20146, -2.1676*10^(-4)     , 0.88379,  0; ....
        0.2    ,  0                  ,  0      , 1];
    B=[-3.7758 *10^(-3)  , -9.0408*10^(-3);...
        0                ,0;...
        -1.2629*10^(-3), -3.2794*10^(-4);...
        0              ,0];
    
    
    
    x_plus=A*x+B*u;
end